4360
4370
4380
4390
4350
4340
4310
4320
4330
4400
10980
10990
10960
10970
10940
10950
10910
10920
10930
11000
5490
5500
5420
5430
5480
5410
5440
5460
5470
5450
4379
4389
4339
4369
4309
4319
4329
4359
4349
4399
3260
3270
3250
3290
3280
3240
3210
3220
3230
3300
9860
9870
9810
9820
9830
9880
9890
9840
9850
9900
10989
10979
10969
10999
10959
10929
10909
10919
10939
10949
5499
5489
5479
5449
5459
5429
5439
5419
5409
5469
12080
12090
12070
12060
12040
12050
12010
12020
12030
12100
4378
4388
4368
4308
4318
4328
4338
4348
4358
4398
3289
3279
3259
3209
3219
3229
3269
3249
3239
3299
6590
6580
6560
6540
6550
6570
6510
6520
6530
6600
9859
9809
9819
9829
9879
9889
9869
9839
9849
9899
12059
12079
12089
12069
12009
12019
12029
12099
12049
12039
10958
10968
10938
10978
10948
10988
10908
10918
10928
10998
5478
5408
5418
5428
5468
5448
5488
5438
5458
5498
16500
16490
16480
16470
16460
16440
16450
16430
16420
16410
6579
6559
6549
6539
6589
6509
6519
6529
6569
6599
4387
4377
4397
4367
4347
4357
4337
4317
4327
4307
3268
3208
3218
3228
3278
3288
3248
3238
3258
3298
9858
9888
9878
9868
9808
9818
9828
9838
9848
9898
15360
15340
15310
15320
15330
15370
15350
15380
15390
15400
16459
16439
16469
16419
16429
16409
16479
16449
16489
16499
12058
12008
12018
12028
12068
12078
12048
12038
12088
12098
10977
10947
10987
10927
10957
10967
10937
10907
10917
10997
5487
5477
5447
5407
5417
5427
5457
5467
5437
5497
6568
6578
6548
6538
6558
6508
6518
6528
6588
6598
15359
15369
15309
15319
15329
15339
15379
15389
15349
15399
16458
16438
16468
16478
16448
16418
16428
16408
16488
16498
4386
4376
4346
4306
4316
4326
4366
4356
4336
4396
9857
9867
9877
9807
9817
9827
9887
9847
9837
9897
3277
3287
3267
3257
3247
3227
3217
3207
3237
3297
12057
12067
12077
12047
12007
12017
12027
12037
12087
12097
15358
15348
15368
15338
15308
15318
15328
15378
15388
15398
10906
10916
10926
10936
10956
10946
10976
10966
10986
10996
6567
6507
6517
6527
6577
6557
6537
6547
6587
6597
5476
5486
5406
5416
5426
5446
5466
5456
5436
5496
9710
16417
16407
16467
16427
16477
16457
16437
16447
16487
16497
9826
9816
9876
9886
9866
9836
9806
9846
9856
9896
3286
3256
3276
3206
3266
3216
3226
3246
3236
3296
12076
12086
12006
12016
12026
12046
12066
12056
12096
12036
9709
8760
8770
8710
8720
8730
8790
8780
8740
8750
8800
4305
4315
4375
4385
4325
4365
4355
4345
4335
4395
15377
15307
15317
15327
15367
15347
15387
15357
15337
15397
19740
19760
19750
19780
19790
19770
19720
19730
19710
19800
6576
6596
6566
6516
6556
6506
6536
6526
6586
6546
16486
16476
16406
16416
16426
16456
16466
16436
16446
16496
10905
10995
10915
10985
10975
10965
10945
10955
10925
10935
5405
5415
5475
5485
5465
5425
5455
5445
5435
5495
8759
8739
8789
8779
8749
8709
8719
8729
8769
8799
19759
19769
19719
19729
19739
19709
19779
19749
19789
19799
15210
14290
14260
14280
14240
8610
14230
14210
14220
14250
14270
14300
3205
3215
3275
3285
3225
3255
3265
3235
3245
3295
9805
9815
9875
9885
9825
9865
9855
9835
9845
9895
2160
2170
2180
2190
2140
2110
2120
2130
2150
2200
15386
15376
15366
15306
15316
15326
15346
15356
15336
15396
12005
12015
12075
12085
12065
12095
12055
12025
12045
12035
15209
19758
19748
19768
19738
19718
19728
19708
19778
19788
19798
8758
8738
8778
8708
8718
8728
8768
8788
8748
8798
14259
14239
14249
14269
14209
14219
14229
14289
14279
14299
8609
6505
6515
6575
6565
6585
6535
6555
6525
6545
6595
4364
4374
4324
4304
4314
4354
4334
4344
4384
4394
10810
2179
2189
2109
2119
2129
2139
2159
2169
2149
2199
16405
16415
16475
16485
16465
16425
16455
16435
16445
16495
9708
15208
16310
19777
19717
19727
19707
19767
19747
19797
19787
19757
19737
14110
10974
10964
10924
10954
10984
10934
10904
10914
10944
10994
5464
5454
5474
5424
5404
5414
5434
5444
5484
5494
14258
14238
14278
14288
14268
14208
14218
14228
14248
14298
10809
15305
15315
15375
15365
15385
15325
15355
15335
15345
15395
8777
8737
8707
8717
8727
8787
8767
8747
8757
8797
16309
2108
2118
2178
2188
2148
2158
2138
2128
2168
2198
3284
3274
3264
3224
3254
3234
3204
3214
3244
3294
9884
9854
9874
9864
9814
9804
9824
9834
9844
9894
15207
14109
12064
12074
12024
12004
12014
12054
12034
12094
12084
12044
9707
3110
19610
14277
14267
14237
14207
14217
14227
14247
14257
14287
14297
19786
19776
19716
19726
19706
19766
19746
19756
19736
19796
6564
6574
6524
6504
6514
6554
6544
6534
6594
6584
8786
8776
8756
8746
8766
8706
8716
8726
8736
8796
16308
18650
18660
18640
18610
18620
18630
18670
18690
18680
18700
8608
16474
16464
16454
16484
16494
16404
16414
16424
16434
16444
19609
3109
2107
2117
2127
2147
2137
2157
2177
2167
2187
2197
8607
14108
15220
11910
15206
18659
18639
18669
18609
18619
18629
18649
18689
18679
18699
15384
15364
15374
15334
15324
15304
15314
15344
15354
15394
10808
16307
14286
14276
14256
14246
14266
14206
14216
14226
14236
14296
8606
9706
19608
4373
4323
4333
4353
4363
4343
4303
4313
4383
4393
11909
15219
9720
19705
19715
19775
19765
19785
19725
19755
19735
19745
19795
8705
8715
8775
8785
8755
8765
8725
8745
8735
8795
8620
2186
2156
2176
2166
2106
2116
2126
2146
2136
2196
18678
18668
18658
18688
18628
18618
18608
18638
18648
18698
14107
10807
4210
10973
10953
10923
10943
10933
10903
10913
10963
10983
10993
5473
5453
5463
5433
5443
5403
5413
5483
5423
5493
15205
8619
16306
19607
15218
9803
9853
9833
9843
9813
9823
9873
9863
9883
9893
3273
3263
3223
3233
3283
3253
3203
3213
3243
3293
9719
14205
14215
14275
14285
14265
14255
14225
14245
14235
14295
12073
12063
12053
12093
12083
12023
12043
12003
12013
12033
18677
18637
18647
18667
18687
18657
18607
18617
18627
18697
14106
4209
10806
5310
16320
15217
8618
6573
6583
6593
6563
6503
6513
6553
6523
6533
6543
19606
2105
2115
2175
2185
2125
2165
2155
2135
2145
2195
19620
9718
16493
16473
16483
16423
16403
16443
16433
16463
16413
16453
11908
19754
19794
19784
19744
19774
19764
19724
19714
19734
19704
18510
14120
8605
5309
8774
8784
8764
8744
8754
8724
8734
8714
8704
8794
3120
8617
18686
18676
18666
18646
18606
18616
18626
18656
18636
18696
9705
15204
16319
15373
15353
15323
15333
15343
15303
15313
15363
15383
15393
18509
19619
15216
3108
14105
11907
9717
14119
14284
14274
14264
14204
14214
14254
14244
14234
14224
14294
16318
19605
2010
21960
21950
21910
21920
21930
21940
21980
21990
21970
22000
16305
3119
19618
10820
18508
6410
4220
2009
16317
2184
2174
2164
2154
2194
2144
2134
2104
2114
2124
3107
11906
18605
18615
18675
18685
18665
18655
18645
18625
18635
18695
21959
21939
21969
21909
21919
21929
21949
21979
21989
21999
9716
2020
19617
10805
14118
6409
15215
9704
18507
10819
4208
4382
4312
4372
4392
4322
4362
4332
4342
4302
4352
8616
4219
21958
21938
21978
21948
21968
21988
21908
21918
21928
21998
2019
19604
10912
10982
10922
10972
10902
10962
10952
10942
10932
10992
14117
11920
19773
19753
19783
19743
19763
19723
19703
19713
19733
19793
5412
5422
5482
5472
5402
5462
5452
5442
5432
5492
16304
4218
16316
4207
15203
8783
8773
8763
8753
8743
8723
8703
8713
8733
8793
3118
19616
14104
10818
5308
9812
9822
9882
9802
9872
9862
9852
9842
9832
9892
18506
8604
3222
3282
3212
3202
3272
3262
3252
3232
3242
3292
5320
21977
21987
21937
21997
21917
21927
21947
21957
21967
21907
3106
8615
7660
7680
7690
7640
7670
7610
7620
7630
7650
7700
12012
12022
12002
12082
12092
12072
12052
12032
12062
12042
19630
4217
18684
18674
18664
18604
18614
18654
18634
18624
18644
18694
10804
11919
13160
13140
13170
13190
13110
13120
13130
13180
13150
13200
10817
3117
21810
9715
14273
14283
14253
14243
14203
14213
14223
14233
14263
14293
3105
2018
6512
6582
6592
6522
6502
6572
6562
6542
6552
6532
6408
15214
14116
5307
5319
19629
2005
8603
16315
16482
16492
16472
16412
16462
16402
16422
16452
16442
16432
5316
11905
4206
21809
11918
19615
21986
21976
21966
21956
21946
21916
21926
21906
21936
21996
7609
7619
7629
7639
7649
7669
7679
7689
7659
7699
3116
9703
13159
13139
13149
13179
13109
13119
13129
13169
13189
13199
2008
2103
2173
2163
2133
2123
2113
2183
2153
2143
2193
15382
15312
15372
15362
15322
15302
15352
15342
15332
15392
18505
19628
2017
6407
11917
10816
4216
5318
13010
2040
5306
9714
4205
21808
7510
14130
14115
19603
16303
13108
13118
13128
13138
13148
13158
13168
13178
13188
13198
7608
7618
7628
7638
7648
7678
7668
7658
7688
7698
8630
5305
7509
6406
14103
5317
8614
21905
21915
21975
21965
21985
21955
21945
21995
21925
21935
8640
13009
3104
18520
19627
21807
11904
3115
16314
11916
10803
8629
9738
10815
4215
2039
2006
19614
910
2007
8628
18673
18653
18663
18683
18603
18613
18643
18633
18623
18693
17560
17540
17570
17590
17520
17530
17550
17580
17510
17600
18504
18519
15213
6420
21820
14129
13177
13167
13187
13137
13157
13107
13117
13127
13147
13197
7508
2016
7607
7617
7627
7637
7647
7677
7657
7667
7687
7697
8639
4204
21806
15230
10829
13008
19782
19792
19772
19712
19762
19722
19702
19752
19742
19732
19626
7507
15229
8702
8782
8722
8712
8762
8742
8752
8772
8732
8792
17559
17539
17549
17579
17589
17569
17509
17519
17529
17599
18518
21819
8510
8627
3130
6419
11915
5304
9740
15240
14128
9729
21984
21994
21974
21964
21944
21934
21954
21904
21924
21914
8613
9730
18529
18530
2038
15228
9750
18517
3114
10814
3129
13186
13176
13156
13136
13166
13146
13106
13116
13126
13196
14222
14282
14212
14202
14272
14262
14242
14252
14232
14292
6418
9728
7656
7636
7646
7666
7676
7606
7616
7626
7686
7696
4214
17558
17538
17578
17568
17588
17548
17508
17518
17528
17598
6405
13007
7506
18528
14140
21818
21805
15239
5315
10850
9749
15202
11903
2004
6417
14127
21817
8626
1010
1080
1090
1070
1060
1100
1020
1030
1040
1050
19625
2030
16313
17410
14010
3140
18516
8509
14139
8638
2037
18503
19613
16330
16340
9713
7519
9739
4203
15110
13006
15238
2102
2122
2112
2182
2152
2142
2162
2132
2172
2192
13020
15227
7520
17577
17537
17567
17587
17547
17557
17507
17517
17527
17597
9748
10840
11914
2029
16329
2015
18515
3150
16339
13105
13115
13125
13135
13145
13155
13165
13175
13185
13195
14126
17409
9702
14009
18527
14114
7605
7615
7675
7685
7625
7655
7665
7645
7635
7695
7518
14138
21816
3103
909
14150
7505
4230
16328
8637
6416
10830
1009
1079
1089
1019
1029
1039
1069
1059
1049
1099
21804
6404
9610
15237
4229
5303
9747
13019
5330
2028
5314
10839
3139
2036
16338
3128
7517
15109
11930
21973
21953
21963
21943
21933
21923
21983
21903
21913
21993
3113
17586
17556
17536
17576
17546
17506
17516
17526
17566
17596
14149
4240
9737
15226
8625
18682
18672
18662
18612
18602
18622
18632
18642
18652
18692
17408
13005
8602
10813
19624
8636
18526
19510
11940
9727
18514
5329
15212
9609
3138
19602
18540
14137
4228
4213
14125
20860
20850
20840
20890
20870
20880
20810
20820
20830
20900
6415
11929
10828
10838
3149
16302
9736
908
16327
9746
15236
15250
16337
3137
1008
1078
1088
1018
1028
1038
1068
1098
1048
1058
13017
7516
4239
13184
13124
13174
13104
13134
13114
13164
13154
13144
13194
19640
2014
8650
13018
4250
10802
14008
8649
19650
2003
7684
7674
7634
7624
7604
7614
7664
7654
7644
7694
8635
14007
21829
2050
8648
11928
14102
20859
20869
20849
20839
20809
20819
20829
20879
20889
20899
4227
17407
10849
11939
15225
5328
21830
3127
18539
11950
2035
10848
2049
19509
19639
17505
17515
17575
17535
17545
17565
17525
17555
17585
17595
7504
9726
15249
14124
8508
6430
3126
5327
3148
8647
11913
14148
16350
10837
11927
19649
14113
920
21828
14136
5340
4331
4301
4321
4341
4311
4351
4361
4371
4381
4391
15108
11949
3136
15107
10827
21803
8507
17420
6403
20838
20828
20858
20878
20848
20888
20868
20818
20808
20898
18525
11938
21815
16336
4238
15235
2027
4249
9735
16326
907
18538
10847
9760
6429
930
7530
9745
15248
16360
14006
8624
10911
10901
10921
10951
10931
10971
10941
10981
10961
10991
19638
1007
1097
1077
1037
1057
1047
1017
1027
1087
1067
16349
3146
5401
5451
5421
5431
5441
5471
5461
5411
5481
5491
19648
6414
8505
5313
13016
14147
13030
3147
919
2048
18513
5339
11948
14135
11902
21840
13004
7515
9881
9871
9891
9861
9801
9821
9811
9851
9831
9841
4248
8612
11926
2026
15260
6428
8506
3125
3201
3211
3231
3221
3251
3241
3261
3271
3281
3291
9759
17419
20877
20837
20867
20847
20887
20857
20807
20817
20827
20897
16312
8646
9725
10836
9607
16359
11937
14005
19612
19623
10826
4226
16348
21827
12071
12051
12021
12011
12031
12001
12081
12091
12041
12061
13029
3160
4237
15247
19507
7529
14160
21839
15106
6427
17406
19508
15224
18410
18537
5326
19647
5338
21814
16335
4202
4247
17584
17574
17564
17534
17504
17514
17554
17544
17524
17594
7539
16325
15259
11947
9608
10846
3135
16347
6551
6521
6531
6561
6571
6581
6591
6501
6541
6511
917
19637
16358
14146
9712
20710
16411
16421
16401
16431
16471
16451
16441
16461
16481
16491
906
10710
918
5337
2013
13173
13153
13163
13183
13143
13133
13123
13103
13113
13193
14123
6440
8660
1910
15105
17418
1006
1056
1096
1076
1086
1046
1036
1066
1026
1016
13028
15258
18524
21992
18502
21982
21972
21952
21962
21942
21932
21912
21922
21902
20886
20876
20806
20816
20826
20836
20846
20856
20866
20896
21838
9734
7673
7663
7603
7613
7653
7623
7683
7643
